Date,State,Positive,Positive Increase,Death Increase,Death Confirmed,Death Probable,Hospitalized,Negative,Recovered,Total,Total Test Results,Date Format,weeknum
20200822,MD,103523,624,11,3685,139,13864,1116918,6047,1220441,1220441,8/22/2020,34
20200821,MD,102899,670,5,3674,138,13823,1101368,6047,1204267,1204267,8/21/2020,34
20200820,MD,102229,580,8,3669,138,13785,1085447,6040,1187676,1187676,8/20/2020,34
20200819,MD,101649,414,11,3661,139,13744,1074119,6030,1175768,1175768,8/19/2020,34
20200818,MD,101235,520,9,3650,139,13698,1066070,6008,1167305,1167305,8/18/2020,34
20200817,MD,100715,503,2,3641,137,13658,1056897,6008,1157612,1157612,8/17/2020,34
20200816,MD,100212,519,3,3639,137,13614,1042198,6004,1142410,1142410,8/16/2020,33
20200815,MD,99693,818,5,3636,137,13556,1027959,5995,1127652,1127652,8/15/2020,33
20200814,MD,98875,715,11,3631,136,13508,1011398,5986,1110273,1110273,8/14/2020,33
20200813,MD,98160,776,8,3620,137,13463,996934,5962,1095094,1095094,8/13/2020,33
20200812,MD,97384,541,8,3612,138,13348,981454,5956,1078838,1078838,8/12/2020,33
20200811,MD,96843,585,13,3604,137,13266,970616,5935,1067459,1067459,8/11/2020,33
20200810,MD,96258,755,6,3591,137,13247,960552,5910,1056810,1056810,8/10/2020,33
20200809,MD,95503,922,8,3585,137,13177,943842,5910,1039345,1039345,8/9/2020,32
20200808,MD,94581,775,12,3577,137,13105,924942,5899,1019523,1019523,8/8/2020,32
20200807,MD,93806,801,14,3565,136,13047,913018,5838,1006824,1006824,8/7/2020,32
20200806,MD,93005,579,15,3551,136,12978,899136,5790,992141,992141,8/6/2020,32
20200805,MD,92426,572,6,3536,134,12922,889969,5749,982395,982395,8/5/2020,32
20200804,MD,91854,710,7,3530,134,12888,880492,5740,972346,972346,8/4/2020,32
20200803,MD,91144,870,8,3523,134,12832,869493,5740,960637,960637,8/3/2020,32
20200802,MD,90274,909,9,3515,134,12746,854512,5713,944786,944786,8/2/2020,31
20200801,MD,89365,1019,13,3506,132,12672,839989,5713,929354,929354,8/1/2020,31
20200731,MD,88346,1169,5,3493,131,12593,822845,5689,911191,911191,7/31/2020,31
20200730,MD,87177,892,10,3488,131,12500,806788,5592,893965,893965,7/30/2020,31
20200729,MD,86285,761,20,3478,131,12448,792674,5592,878959,878959,7/29/2020,31
20200728,MD,85524,648,11,3458,131,12389,782732,5592,868256,868256,7/28/2020,31
20200727,MD,84876,1128,7,3447,132,12339,770642,5434,855518,855518,7/27/2020,31
20200726,MD,83748,694,7,3440,131,12283,754824,5434,838572,838572,7/26/2020,30
20200725,MD,83054,1288,11,3433,129,12188,742272,5434,825326,825326,7/25/2020,30
20200724,MD,81766,930,13,3422,129,12119,722584,5434,804350,804350,7/24/2020,30
20200723,MD,80836,664,4,3409,128,12037,708205,5434,789041,789041,7/23/2020,30
20200722,MD,80172,627,3,3405,129,11997,702661,5434,782833,782833,7/22/2020,30
20200721,MD,79545,860,20,3402,130,11949,684822,5380,764367,764367,7/21/2020,30
20200720,MD,78685,554,5,3382,130,11897,670594,5344,749279,749279,7/20/2020,30
20200719,MD,78131,925,9,3377,130,11841,661654,5344,739785,739785,7/19/2020,29
20200718,MD,77206,835,9,3368,130,11788,643780,5344,720986,720986,7/18/2020,29
20200717,MD,76371,707,12,3359,132,11728,631845,5286,708216,708216,7/17/2020,29
20200716,MD,75664,648,6,3347,132,11687,616865,5286,692529,692529,7/16/2020,29
20200715,MD,75016,756,7,3341,132,11625,605072,5238,680088,680088,7/15/2020,29
20200714,MD,74260,733,9,3334,132,11485,591809,5238,666069,666069,7/14/2020,29
20200713,MD,73527,418,6,3325,131,11467,578430,5230,651957,651957,7/13/2020,29
20200712,MD,73109,642,9,3319,131,11420,570282,5230,643391,643391,7/12/2020,28
20200711,MD,72467,557,7,3310,131,11353,556810,5190,629277,629277,7/11/2020,28
20200710,MD,71910,463,15,3303,131,11300,549153,5157,621063,621063,7/10/2020,28
20200709,MD,71447,586,13,3288,128,11221,541134,5132,612581,612581,7/9/2020,28
20200708,MD,70861,465,9,3275,126,11184,532247,5085,603108,603108,7/8/2020,28
20200707,MD,70396,492,20,3266,126,11111,523982,5036,594378,594378,7/7/2020,28
20200706,MD,69904,272,3,3246,125,11096,517457,5029,587361,587361,7/6/2020,28
20200705,MD,69632,291,7,3243,125,11071,510330,5029,579962,579962,7/5/2020,27
20200704,MD,69341,380,13,3236,125,11034,504001,5025,573342,573342,7/4/2020,27
20200703,MD,68961,538,11,3223,124,10973,494873,5023,563834,563834,7/3/2020,27
20200702,MD,68423,505,7,3212,126,10939,484752,5013,553175,553175,7/2/2020,27
20200701,MD,67918,359,15,3205,128,10902,474686,5001,542604,542604,7/1/2020,27
20200630,MD,67559,305,15,3190,128,10844,468296,4982,535855,535855,6/30/2020,27
20200629,MD,67254,477,7,3175,127,10822,462059,4979,529313,529313,6/29/2020,27
20200628,MD,66777,327,11,3168,126,10793,452696,4976,519473,519473,6/28/2020,26
20200627,MD,66450,335,15,3157,127,10751,447366,4935,513816,513816,6/27/2020,26
20200626,MD,66115,338,13,3142,127,10725,440282,4903,506397,506397,6/26/2020,26
20200625,MD,65777,440,21,3129,128,10683,433182,4874,498959,498959,6/25/2020,26
20200624,MD,65337,330,16,3108,130,10648,425120,4810,490457,490457,6/24/2020,26
20200623,MD,65007,404,18,3092,129,10611,418528,4797,483535,483535,6/23/2020,26
20200622,MD,64603,297,8,3074,129,10572,410122,4776,474725,474725,6/22/2020,26
20200621,MD,64306,350,14,3066,129,10544,404725,4773,469031,469031,6/21/2020,25
20200620,MD,63956,408,22,3052,129,10497,398324,4745,462280,462280,6/20/2020,25
20200619,MD,63548,319,14,3030,129,10447,390121,4685,453669,453669,6/19/2020,25
20200618,MD,63229,260,20,3016,130,10357,384379,4640,447608,447608,6/18/2020,25
20200617,MD,62969,560,14,2996,130,10309,378374,4596,441343,441343,6/17/2020,25
20200616,MD,62409,377,35,2982,131,10262,366816,4579,429225,429225,6/16/2020,25
20200615,MD,62032,331,8,2947,130,10222,359076,4567,421108,421108,6/15/2020,25
20200614,MD,61701,396,13,2939,128,10165,353608,4541,415309,415309,6/14/2020,24
20200613,MD,61305,692,26,2926,127,10053,347453,4536,408758,408758,6/13/2020,24
20200612,MD,60613,416,25,2900,127,9923,339482,4474,400095,400095,6/12/2020,24
20200611,MD,60197,732,31,2875,125,9789,332173,4365,392370,392370,6/11/2020,24
20200610,MD,59465,561,33,2844,125,9755,325177,4310,384642,384642,6/10/2020,24
20200609,MD,58904,500,35,2811,125,9676,319178,4279,378082,378082,6/9/2020,24
20200608,MD,58404,431,27,2776,123,9629,313099,4240,371503,371503,6/8/2020,24
20200607,MD,57973,491,9,2749,124,9546,306830,4240,364803,364803,6/7/2020,23
20200606,MD,57482,712,38,2740,124,9451,299894,4175,357376,357376,6/6/2020,23
20200605,MD,56770,912,34,2702,122,9346,290956,4159,347726,347726,6/5/2020,23
20200604,MD,55858,876,2,2668,122,9217,281160,3985,337018,337018,6/4/2020,23
20200603,MD,54982,807,20,2666,122,9111,272643,3970,327625,327625,6/3/2020,23
20200602,MD,54175,848,21,2646,121,8957,261640,3855,315815,315815,6/2/2020,23
20200601,MD,53327,549,29,2625,120,8886,255403,3782,308730,308730,6/1/2020,23
20200531,MD,52778,763,34,2596,120,8738,249103,3764,301881,301881,5/31/2020,22
20200530,MD,52015,1027,24,2562,118,8619,241931,3649,293946,293946,5/30/2020,22
20200529,MD,50988,1279,37,2538,117,8479,233530,3571,284518,284518,5/29/2020,22
20200528,MD,49709,1286,43,2501,115,8392,225149,3468,274858,274858,5/28/2020,22
20200527,MD,48423,736,41,2458,115,8281,213632,3401,262055,262055,5/27/2020,22
20200526,MD,47687,535,38,2417,115,8179,206800,3334,254487,254487,5/26/2020,22
20200525,MD,47152,839,38,2379,112,8092,202425,3329,249577,249577,5/25/2020,22
20200524,MD,46313,818,35,2341,112,7939,194049,3319,240362,240362,5/24/2020,21
20200523,MD,45495,1071,32,2306,109,7825,186832,3283,232327,232327,5/23/2020,21
20200522,MD,44424,893,53,2274,105,7634,183478,3243,227902,227902,5/22/2020,21
20200521,MD,43531,1208,23,2221,105,7485,176702,3099,220233,220233,5/21/2020,21
20200520,MD,42323,777,34,2198,105,7393,173007,2993,215330,215330,5/20/2020,21
20200519,MD,41546,1784,42,2164,103,7199,167112,2868,208658,208658,5/19/2020,21
20200518,MD,39762,958,32,2122,102,7086,161744,2817,201506,201506,5/18/2020,21
20200517,MD,38804,836,50,2090,101,6993,156122,2816,194926,194926,5/17/2020,20
20200516,MD,37968,982,49,2040,97,6755,152207,2806,190175,190175,5/16/2020,20
20200515,MD,36986,1083,56,1991,95,6679,145840,2685,182826,182826,5/15/2020,20
20200514,MD,35903,1091,54,1935,95,6553,142551,2569,178454,178454,5/14/2020,20
20200513,MD,34812,751,47,1881,94,6404,138762,2456,173574,173574,5/13/2020,20
20200512,MD,34061,688,46,1834,92,6287,135442,2394,169503,169503,5/12/2020,20
20200511,MD,33373,786,49,1788,90,6183,131407,2298,164780,164780,5/11/2020,20
20200510,MD,32587,1053,47,1739,87,5955,127344,2293,159931,159931,5/10/2020,19
20200509,MD,31534,1049,49,1692,83,5932,124494,2159,156028,156028,5/9/2020,19
20200508,MD,30485,1111,63,1643,82,5811,121702,2041,152187,152187,5/8/2020,19
20200507,MD,29374,1211,60,1580,80,5663,119226,2029,148600,148600,5/7/2020,19
20200506,MD,28163,1046,44,1520,76,5497,115849,1903,144012,144012,5/6/2020,19
20200505,MD,27117,709,52,1476,74,5337,112986,1810,140103,140103,5/5/2020,19
20200504,MD,26408,946,52,1424,71,5199,110587,1695,136995,136995,5/4/2020,19
20200503,MD,25462,989,49,1372,70,5051,107332,1666,132794,132794,5/3/2020,18
20200502,MD,24473,1001,47,1323,65,4910,101049,1590,125522,125522,5/2/2020,18
20200501,MD,23472,1730,50,1276,62,4718,97511,1517,120983,120983,5/1/2020,18
20200430,MD,21742,893,58,1226,59,4559,92617,1432,114359,114359,4/30/2020,18
20200429,MD,20849,736,69,1168,58,4402,90080,1361,110929,110929,4/29/2020,18
20200428,MD,20113,626,54,1099,57,4268,87672,1295,107785,107785,4/28/2020,18
20200427,MD,19487,906,44,1045,55,4101,85489,1263,104976,104976,4/27/2020,18
20200426,MD,18581,815,53,1001,51,3962,78084,1177,96665,96665,4/26/2020,17
20200425,MD,17766,1150,49,948,48,3760,71357,1165,89123,89123,4/25/2020,17
20200424,MD,16616,879,68,899,46,3618,68100,1108,84716,84716,4/24/2020,17
20200423,MD,15737,962,52,831,42,3477,64363,1040,80100,80100,4/23/2020,17
20200422,MD,14775,582,47,779,41,3325,61754,981,76529,76529,4/22/2020,17
20200421,MD,14193,509,49,732,40,3158,59442,930,73635,73635,4/21/2020,17
20200420,MD,13684,854,57,683,39,3014,57713,917,71397,71397,4/20/2020,17
20200419,MD,12830,522,44,626,34,2886,55061,914,67891,67891,4/19/2020,16
20200418,MD,12308,736,41,582,32,2757,53062,771,65370,65370,4/18/2020,16
20200417,MD,11572,788,42,541,29,2612,50437,736,62009,62009,4/17/2020,16
20200416,MD,10784,752,30,499,28,2451,48059,736,58843,58843,4/16/2020,16
20200415,MD,10032,560,48,469,28,2231,45731,607,55763,55763,4/15/2020,16
20200414,MD,9472,536,37,421,25,2122,44261,607,53733,53733,4/14/2020,16
20200413,MD,8936,711,49,384,24,1975,42815,603,51751,51751,4/13/2020,16
20200412,MD,8225,531,37,335,18,1860,41539,456,49764,49764,4/12/2020,15
20200411,MD,7694,726,43,298,12,1709,39544,431,47238,47238,4/11/2020,15
20200410,MD,6968,783,34,255,11,1413,37480,397,44448,44448,4/10/2020,15
20200409,MD,6185,656,30,221,11,1348,35344,376,41529,41529,4/9/2020,15
20200408,MD,5529,1158,31,191,10,1210,32933,365,38462,38462,4/8/2020,15
20200407,MD,4371,326,22,160,8,1106,27256,288,31627,31627,4/7/2020,15
20200406,MD,4045,436,16,138,7,1059,25572,184,29617,29617,4/6/2020,15
20200405,MD,3609,484,21,122,7,936,24728,159,28337,28337,4/5/2020,14
20200404,MD,3125,367,17,101,7,821,22485,159,25610,25610,4/4/2020,14
20200403,MD,2758,427,20,84,5,664,20932,159,23690,23690,4/3/2020,14
20200402,MD,2331,346,12,64,4,582,18890,81,21221,21221,4/2/2020,14
